17869
15151
24074
15721
5286
1870
31981
20284
10999
6973
3509
17252
13895
12347
24376
32169
23116
11762
513
13757
29696
12612
17409
21535
4855
28743
5249
5696
7407
8078
25691
15845
20393
15531
22122
20428
5367
25073
21567
9618
23831
1919
23317
22228
29503
21882
5383
15765
121
27545
4737
6623
12465
16871
14325
6317
11788
1732
13263
16905
26236
7725
4266
4722
20370
9790
14276
17280
7315
9461
30639
1995
6861
17209
25418
15880
10283
14619
7408
24437
30728
20315
25071
11640
6721
6702
27196
25218
30862
20798
28773
27194
15890
26867
30150
25816
23856
20721
5888
31182
10145
31714
1191
15790
11459
5237
29755
12104
21044
934
7514
4114
23200
11329
5939
7118
20183
32673
10814
25446
32035
20414
27179
20251
728
615
11288
3038
5164
2507
11526
26622
30281
17982
31886
25348
24481
13626
32720
29916
12930
4516
8365
20533
17898
18769
32054
9257
12444
27593
11107
8481
19059
30283
25865
17651
22519
8465
12294
12878
5166
4564
22206
5976
3253
6035
17612
26517
1038
21393
7153
27915
20028
29597
5456
29860
23437
24981
734
6611
26040
3117
1300
30074
29479
11501
18663
13324
9366
12153
25081
22255
221
7701
5393
9508
13066
14184
9929
3881
28339
4480
646
2590
28299
28183
19885
9768
16690
9237
15124
25619
22610
16982
12983
3643
3559
20396
8621
6316
5086
19496
1626
19592
482
22421
3301
17065
30067
8518
20460
29064
30776
1298
4471
21085
8342
31132
43
24968
8321
13272
23745
32304
13970
9162
5046
27946
13658
11921
8003
796
5367
18853
17807
14818
17124
23389
1828
13616
9238
1204
20895
31353
32068
14412
19116
24592
13702
17075
18226
30606
10017
10214
17099
30579
29345
31251
27511
26640
2089
3491
5521
6052
23304
11896
11266
6597
29580
14963
28852
22017
21275
17722
8522
27078
24191
10552
21518
24959
17026
10725
8490
3328
1723
2887
27676
29476
17063
17081
24932
10420
10492
9451
31871
3723
23865
13610
10777
15096
18306
31201
23167
4708
23211
31328
6227
21301
147
18909
30595
6386
8371
17336
28795
6823
29942
23812
31642
10379
8395
12098
227
11488
15993
8303
28662
13339
22196
19522
5182
16453
30317
4783
31083
27553
22254
28591
29731
7823
19493
67
8948
23728
27968
22710
31630
27979
11131
4131
14383
25327
19254
9528
14686
18010
29515
8249
12252
26778
18078
5704
8920
8306
15350
29155
9826
30463
10251
9390
22050
1947
11744
9843
26698
5890
2386
25959
27849
9652
26609
2991
3266
410
17424
15906
24124
6891
30232
14417
8219
8273
28706
27076
29263
9800
22468
30855
24139
24007
29226
19686
17336
7715
5737
2676
32107
17968
6673
6738
21141
14505
27649
10925
2106
30674
20864
18313
9957
9307
31113
28861
18585
25480
23141
20799
778
28815
3456
31650
16909
23874
7541
20445
9806
17901
31339
28238
15425
31874
2212
23551
8027
28403
32083
15399
23937
19680
32174
17140
11969
12402
13381
17799
21824
20103
20626
2881
14707
29199
9425
17469
5778
18101
22034
18717
19274
14019
21132
2058
8883
24639
564
17142
10625
25946
25998
804
25470
7180
5827
26091
30008
24824
24821
9911
5622
4501
25039
2640
24049
29071
26976
3935
17601
32619
3113
2094
25622
31851
7028
431
21160
11185
30696
7104
11121
3238
29275
13997
5401
5277
12007
6646
23986
11188
15936
30803
32421
28923
24900
29942
7404
2521
10964
3600
22914
171
29667
4246
1560
30381
21964
31045
4618
11550
7913
26340
17297
10655
30049
457
4410
31197
7233
31902
12183
23151
3791
4709
10036
17666
26139
9658
1740
10675
15574
25944
1469
22460
1383
6623
10938
22867
1596
213
19136
18127
28766
22762
29771
21773
17481
896
6857
8978
30970
24426
5711
2801
6473
16628
19339
31215
19321
11044
4090
5094
30478
11840
7770
9703
31966
3984
12131
11299
13675
7781
2738
28428
10608
23131
9222
31671
14522
20186
6318
31621
9017
18403
8514
12034
10327
17417
19346
4109
12424
18365
4316
24378
13603
30159
7234
8308
23152
4402
21882
19175
28674
19456
968
12317
19271
1981
7465
24166
12381
27360
5585
638
15655
28559
17368
3178
2721
20395
11057
7075
30832
29196
17883
30326
22206
15630
7259
4267
25156
29260
17001
25957
18088
30635
3050
10313
6922
12699
3614
4578
3290
21145
16667
19268
11500
17400
21882
15600
4814
3042
4688
17656
19033
21658
20320
6244
16262
30979
24462
21459
7299
14950
32663
32614
19974
880
7424
2521
8674
23674
2380
32499
13272
29966
28018
32033
7343
26278
4494
11870
6022
5302
19671
18517
4458
19949
12753
22474
22308
4792
19140
23350
21844
9481
31340
28849
7876
17750
21746
6933
11510
16612
1307
25185
3839
13637
4544
21339
31384
11552
6014
8826
29555
31280
19118
30210
31947
28815
21911
7025
2367
26421
26339
11290
7392
8635
1104
25872
21897
1893
30120
13893
19823
19296
23539
19699
3064
27208
18667
7483
30929
8430
27312
12045
1339
16471
8125
12871
32677
776
1819
7713
17792
18304
24788
24520
18255
21511
21163
23625
4861
1958
25866
18865
22644
7287
19516
9074
7275
24351
20956
15881
3455
32664
29326
15838
12166
24372
1005
30060
20768
32734
30404
28321
32654
30883
2432
9096
27848
4978
32485
10789
31689
30752
11521
22433
26414
2223
30814
7847
13823
21200
3964
11533
29389
15014
31358
3255
22781
17101
21284
19384
27747
5531
14585
28603
12051
13222
21966
14498
26995
27526
1638
30316
14485
32476
31603
30300
22212
6291
26305
19287
21085
30821
2226
30095
9953
30625
12778
11614
27719
19244
3403
21876
4247
9926
17956
22581
20404
9615
24229
29789
23929
7114
19095
15590
30216
13792
8778
20523
18527
2216
462
2637
28461
30437
26725
14038
27619
4113
11321
1436
22541
19545
22091
18153
16611
18920
31404
13016
24859
28520
24815
16386
11522
6086
4318
19802
25803
11062
5996
9046
8487
18808
6123
4176
3606
26969
32127
9259
18428
4476
24787
20281
3831
3674
30218
26716
17520
18824
5881
24172
26352
9785
15763
6361
53
1795
676
19346
14726
24806
29891
16933
2627
32650
23425
26151
13504
24264
15079
1238
1363
15724
11040
6141
1964
19769
22642
5656
9829
9262
16243
3513
26842
21256
31097
4138
17211
17672
11602
12116
11488
19702
30773
4831
28892
870
25337
26779
27860
23098
14213
13343
12818
2408
19080
16816
15573
14590
3434
16484
13803
3171
31874
18310
29314
29407
15753
19261
9788
24925
590
17513
31617
22896
940
4046
1561
24981
10425
18548
17402
21176
11841
8525
8286
7929
25203
537
11545
30127
18649
27527
1578
26797
14990
26269
5008
30405
22187
857
7519
8075
22274
10905
26130
25691
7439
18232
16163
23198
2859
2682
19417
13128
32259
20394
26210
23461
31305
25345
23329
6998
25257
12234
28233
21399
18943
6596
24491
17347
13767
1480
24780
30489
25812
21931
12603
16320
28230
23398
21793
25353
19638
1908
6682
23285
10675
22140
24131
20727
32114
16944
19861
13818
22209
14709
2417
7078
24381
25540
28283
13023
28613
13264
27820
5007
18734
3433
9635
12710
17720
672
17724
9055
5057
27692
18532
7364
22585
24844
9772
17524
15190
20846
3868
17828
17673
18640
14025
17252
4784
7013
23465
4387
15757
698
295
21622
1399
28057
4083
29717
5071
1838
20636
30758
27318
14696
29792
16319
21629
11938
8259
12198
26461
5763
11870
15963
29033
12834
6522
344
24768
27502
18141
8087
31751
31694
8804
19797
32535
26116
16594
13590
28658
18263
31848
29161
16380
17393
16310
32493
3432
4742
29360
16404
6384
27446
15876
2087
17353
23989
6315
16394
10710
21161
21438
4930
11292
15443
6284
17844
32630
14962
3305
5807
5001
13668
4553
21805
26107
13455
20493
2390
5600
29695
1948
22342
19317
32080
21686
32528
18449
18383
24453
7683
12888
9180
10741
5420
29362
30099
28614
14619
13308
683
19680
12010
23677
22429
7654
6780
4891
2057
20237
515
9422
20054
3375
2757
24150
20122
3355
29471
11817
185
23856
28106
8880
1488
29994
16989
6322
27860
30779
22291
11793
10870
23902
1999
19636
18506
29160
28253
25028
3881
27231
32763
5403
12500
30096
9240
5369
13529
1500
10331
18937
11451
17619
13799
1860
29517
25860
11230
2821
31583
17938
803
25373
29084
7947
8037
2583
13747
8950
12633
20574
28341
21419
3654
26029
16062
30440
8391
5832
23000
24992
22221
4970
1052
3478
12515
20606
15131
11563
22198
23185
3708
12660
21716
11400
27622
30352
26548
24206
25120
2617
30711
16721
8054
16536
11245
14702
12127
2910
12891
28457
15198
18192
10875
9826
21286
29346
19781
21189
1
1352
15341
15424
10098
22153
6061
18362
281
19605
18116
14338
9176
17624
2751
31493
28212
27343
19447
22341
19966
28955
15963
3462
11058
24788
17263
17098
31263
29471
11669
18048
14536
10499
18572
2297
23435
5496
19254
22043
27904
3521
5790
10329
25892
13308
26169
10211
31671
4088
21868
10777
31202
10822
24143
17734
20253
23955
13745
19595
27984
21045
10332
18457
12344
22531
23961
15779
21517
4714
8951
23828
16226
10941
9545
25981
9292
31949
15086
22097
15558
29114
9045
16596
9812
32008
24511
19921
8423
28661
2375
19339
13569
5898
18464
22519
1305
22001
20511
31528
20033
13702
1657
17931
23558
6192
13517
18772
29592
2162
28005
30904
31275
21949
1209
20061
23196
29577
17460
17039
28248
20132
14907
27572
28026
3273
19308
23170
10803
27252
26915
1647
7023
10997
4419
24169
31413
20163
31539
20936
31055
1044
5670
25985
20652
1450
15520
10652
12802
23536
16694
8936
22839
13381
14485
31981
18178
17048
9413
6178
26190
24885
26031
18528
8415
25310
4829
22423
10039
19230
8834
8384
28603
24794
442
22290
12562
20265
530
19833
23502
18534
16459
21060
22350
24451
26715
29469
1506
2975
31413
15679
21553
2523
30410
19939
22488
4458
3792
18171
16724
3560
18626
31779
9506
21485
12456
27605
24612
993
24
22748
6983
3858
24317
6155
12899
4867
8599
26158
611
32520
10179
23105
25253
14351
16765
18400
19876
11969
15523
9727
31956
7114
32763
19931
31693
22132
22392
9776
30380
31099
21945
3757
18358
18973
28371
8101
2111
5488
12368
4615
10443
30712
14968
25488
21618
17273
24271
2879
9097
30474
2014
21002
24958
32107
20022
9167
27140
9624
24243
27789
24944
2462
5630
21972
19555
22446
30037
30842
19114
12656
21647
22160
31074
5529
30042
12692
16480
1984
23496
4328
3792
27246
4106
3203
19227
16244
11643
12263
31247
17025
25312
2387
24890
4595
18413
14649
10390
23022
11276
5618
16236
13739
16987
14257
2162
15123
20211
182
4406
25741
14704
30148
22720
19732
10414
31444
26995
29324
3024
18443
18997
29270
13447
10986
2768
29730
26257
26565
28567
14084
127
20342
76
29899
8636
23890
32321
3982
29131
29020
1470
15751
27856
31417
24227
10020
22866
9828
16462
11100
19263
26147
3263
15936
22576
25530
18170
5586
24815
13406
18605
6425
5175
24684
31507
17781
3770
4955
5912
32305
15464
2032
12478
31319
24303
1200
4543
17608
23934
31899
10100
651
16847
10263
2037
29542
1636
10795
21122
24747
6673
5613
28450
28245
15546
26686
29065
595
6494
18868
9023
13860
16724
11480
30975
1700
27861
7314
30558
13862
9403
20193
19117
5314
14728
20431
5663
8945
11178
22693
15919
16983
26878
10075
12860
26847
914
27218
31094
2573
17839
5190
1790
10896
18199
11390
6473
21015
26507
28485
10438
20326
21136
21150
10688
681
28787
17204
9605
8712
26763
11664
28360
11387
6334
10126
30020
32480
9798
19986
31906
16203
2997
10999
15005
4765
18487
14152
8292
20568
5144
19891
21311
10417
16006
8506
6262
28903
6295
3116
14447
2516
4494
19284
7446
5314
26714
31088
12161
27263
5727
24293
14549
2228
22393
27056
19043
26994
29502
24992
28951
30990
11140
11458
14355
7727
29732
14365
16023
2085
22525
22688
25892
14204
12091
14425
21985
29905
2777
9192
27709
10725
31076
19506
16342
20720
2306
20570
22170
28216
10932
9197
16939
18401
23256
9564
11400
20487
13042
30896
6123
29962
18603
31353
21997
19497
32282
24327
31216
19027
10051
20957
19134
32569
10461
10595
30574
1704
29785
731
5000
9238
1311
23190
7785
15483
17179
29800
6632
8802
28280
10329
29753
26687
30891
26525
18706
11523
28340
3527
15885
5870
22688
21049
32334
28836
12883
28127
6501
7300
24964
18717
18805
21045
19721
17925
25750
23169
31061
31438
32121
15719
20031
28801
30539
5739
27141
14838
4315
817
9616
30463
11006
24650
11769
6115
20019
18510
22349
29966
13187
2347
3213
3846
21675
956
249
2721
18301
10654
1678
15734
26756
3391
11726
24209
6375
14391
4799
12139
5007
15324
31542
12569
7564
12304
10837
14787
5557
5214
3411
32344
10127
18246
9595
25728
9585
2004
21368
12498
19941
13688
26575
25928
80
16913
7341
25583
9430
2635
23779
10723
19320
2091
31791
13947
18047
5096
17597
29377
17438
9981
32237
11557
11091
21884
20567
32114
16398
29093
11021
9472
21141
3511
3615
16172
32295
20486
24165
22021
15071
19790
9848
12104
18140
23879
26882
25999
10911
7545
26680
8645
23732
5714
1700
2269
18581
13942
9512
12739
15563
6230
8768
14227
1110
17924
24199
15370
12111
28486
27261
28218
20172
17897
16775
27009
10244
29783
13879
187
8884
25196
29646
18871
30401
15494
14591
31976
23838
28891
12278
32093
18416
5904
1945
7411
26096
30215
12814
28874
29969
7160
27773
18933
10340
15555
29719
9846
9528
19076
3159
11881
23429
31848
14983
4479
15755
14272
23175
22702
6838
3924
28874
39
8645
19706
23969
28041
20011
14695
21948
5716
17589
5700
17389
27296
25454
32389
30768
22543
2240
8438
18409
30976
21979
2326
876
17413
28763
27177
25794
20376
1828
8329
23467
32265
7825
23869
23263
9659
26575
12236
2713
2448
10115
25171
1110
13730
28595
23510
31706
5172
12515
31956
31093
20200
26238
10782
2436
20530
25208
31209
1338
30988
31794
14113
22689
24299
9886
12032
27099
9714
12707
31968
1454
19302
15043
18509
30016
29795
4347
10591
8478
5325
4074
10054
25987
648
13878
1319
31704
18668
31532
20775
7543
20595
10150
27077
17332
11957
13874
28012
10526
12951
32368
18504
28674
191
12220
21594
4657
21579
24333
16327
32259
14274
11293
11638
1180
19018
16843
17369
32110
25884
13757
7691
17151
13622
2889
21276
27885
7503
23958
1961
27439
29712
29950
15791
26269
29313
19383
22176
2739
26306
17843
31671
7314
32507
8132
24713
839
16533
23044
5086
9552
32683
8564
21182
16220
27323
31971
4559
6227
32418
16658
12510
13974
30407
4117
3259
31368
3478
26620
25418
16973
8496
1203
15831
31442
4192
6439
21930
16909
25554
9130
9947
32390
6015
24985
9576
4118
6252
9788
18565
32238
19092
6381
24627
17884
11042
7805
26900
12490
25316
29139
21118
20616
23805
12246
27342
2763
13786
23182
26111
21877
5735
6021
12923
2070
20354
11636
4144
26291
18864
1307
7655
18887
7438
12657
20689
1928
25995
17149
2659
619
10069
27268
16484
234
22417
12004
27461
12933
23887
14912
11952
1543
7869
605
28771
13578
28314
20556
20799
10429
28142
27466
15516
7141
13817
27364
480
7714
24169
29791
11344
23668
13264
26454
3366
21245
12884
15781
11235
19465
6313
8838
4326
20555
10044
1274
7742
27753
24497
10603
27325
28604
22672
32399
21325
2129
31035
14735
13959
24627
12836
32105
3714
8172
1340
4499
23785
31305
29359
27617
7505
9566
7630
4520
12745
25802
15948
5156
32178
2364
12718
11287
8913
2358
16637
14515
5282
5905
28350
9658
30191
22594
24868
31972
29858
8667
15491
9857
6104
24149
520
7519
13366
140
18088
6638
31360
10251
22102
30882
21607
23178
6009
24473
931
30389
17053
26494
14146
17455
17000
19373
2880
17623
20432
26007
9815
11082
7820
30568
27160
6825
11720
2536
26939
5020
4381
24991
6196
12950
17856
20285
27655
9051
26618
24377
23388
28096
23768
11447
30166
32690
17443
23471
1441
6266
18066
32332
28490
31039
5183
27026
17364
32461
10072
15684
14600
2197
7959
8965
31756
20724
18164
2237
4663
6840
7705
23102
15396
22496
29462
32296
3845
11683
26582
6665
14394
31156
29137
25033
7971
15557
10884
30278
22834
3658
1054
5947
9284
32127
13949
11366
23345
940
30808
27114
6305
27559
22718
5106
31778
21147
19647
9623
17784
9737
17769
24324
14900
17164
25078
32471
2441
6881
4675
10955
8794
166
15748
19348
12183
1122
16695
24587
11978
32582
23638
2955
21741
13619
23249
25499
13695
12156
5435
16589
24535
13548
6339
5862
26295
779
2919
6206
1572
11421
8292
10346
23413
16748
12529
25113
25515
9031
19756
13372
13312
11339
22869
23146
8387
2657
2874
13442
18018
29704
23538
16786
10441
6741
16846
16887
23786
31799
18061
17606
28829
32512
19919
9323
1195
28705
8141
13968
19749
21557
3142
13121
27643
10050
14781
5965
22985
29243
29921
1519
20724
22985
5197
28077
28406
2634
17521
29825
32758
9499
20432
28471
10396
4882
14189
26646
25123
24655
12159
30914
31920
1333
21612
31585
7138
16563
11253
22269
25002
26568
18094
27433
15197
20038
5554
24296
1287
11478
18580
22218
30467
10300
18329
22104
4552
24028
7716
20658
31750
6525
26993
11383
1778
6222
8070
16101
19677
32038
16999
578
7692
23056
21386
2938
12228
29447
7050
777
16804
7678
6687
9499
11576
25636
12878
3314
5066
18533
26333
20361
7803
22324
15114
10615
1171
25480
2941
17429
19478
5412
29562
21987
30872
11292
4699
8744
7249
7573
17726
7129
32628
28108
10491
12220
20925
27482
30809
31181
6729
12214
6785
27105
22955
2299
30130
7049
4668
12523
23095
25913
10930
30004
6550
25258
24309
13555
7691
32380
13102
22391
5684
16160
7456
8263
2318
23285
22459
1126
26144
22449
5358
25813
26102
14595
446
21082
20177
631
20629
16000
29085
4249
15836
15839
29475
3421
17099
16285
13696
958
27264
24117
30166
22182
32079
11639
29249
7950
30298
10705
11277
13670
30561
11468
6694
27191
11995
2777
24527
12807
25669
15950
23447
18557
7866
17324
8841
3781
6596
2851
15268
10550
31858
9048
12171
8242
1706
357
16509
2126
10433
2593
24198
30131
14665
16547
11255
16069
15658
15873
9749
20994
30197
22109
17934
9004
10868
3875
11825
29610
23942
19084
14173
31276
26409
19559
29370
11662
9177
31768
29608
14079
11801
2017
30197
20322
22095
19808
13395
3060
19668
11097
777
24111
12876
8374
744
19183
563
23756
129
7380
3001
9440
21397
5607
27856
13034
21197
25728
17283
29080
12203
24423
2441
14742
20161
19769
19994
29709
28705
15117
16897
18026
15380
9816
18931
11104
2063
32270
2847
7472
26594
16138
9734
13608
24371
12208
5005
25705
18219
32465
22608
10734
15471
18894
570
27082
10578
19969
9299
18865
16457
18776
17624
14010
31391
20035
29073
30819
28521
3793
28255
29910
5821
25366
12821
2667
19743
3791
9608
8813
11068
2633
22762
24865
1499
21118
9043
5892
10768
1153
24737
22357
10674
18461
16770
22483
19472
19897
25039
32200
30432
25471
6428
15430
9080
26046
14733
10161
13377
3724
12523
25213
15976
26799
16374
18233
7126
27070
15357
29645
22883
30595
3757
6656
21830
23716
26663
14653
8656
28802
22357
9622
91
30306
15485
9
2173
30667
18966
1026
20353
7726
2011
20002
9239
20429
3103
63
12874
5077
24416
26284
9139
461
15902
698
4076
16436
11501
7806
20808
22118
4810
19925
4545
21952
19883
166
9266
7684
30042
2663
32199
16639
16514
17123
25521
18793
16394
9274
8478
26892
25763
2601
22888
21033
669
30347
19084
16407
18431
32544
5087
29485
22742
18574
21756
9186
1485
12965
14593
12595
20734
6631
16891
3653
13576
21064
26782
13132
25186
16178
25658
5547
26351
11468
12010
27485
29650
20092
6671
15763
13699
1707
1788
3742
29218
23496
6131
5904
25100
16015
27985
24094
30381
1419
17157
12617
917
16857
582
16190
32205
20784
7046
23034
17771
20766
15521
9265
11620
22420
14171
11761
13730
5285
11273
17539
11094
16779
19598
31122
9104
235
19337
9614
1037
5210
19405
26963
3663
2847
25618
29446
8435
20026
2794
2624
9024
11686
32502
10095
20220
21212
32601
6777
19587
15512
26733
1186
21786
10207
2229
10671
20352
2625
16915
23627
6854
348
19259
2475
31585
23457
9576
10350
24190
7771
6734
3783
26517
11500
22095
29661
31809
30042
29425
8306
16975
17931
1424
4803
17428
12493
1616
6576
12036
7962
9046
11037
24705
31641
21560
31128
13553
5351
16817
3388
19731
7576
21914
25557
15763
28025
1813
23621
23772
26648
14092
28966
9005
11399
12506
1712
20719
29276
9031
20445
20294
14332
9658
3788
32486
9754
7594
13411
26920
19578
6230
9017
1884
7163
27830
6579
5217
16852
14769
1901
7284
18462
5264
20955
16198
8083
31667
19504
22609
30357
24962
26238
363
370
25511
22559
9116
6118
635
18773
2605
19425
27837
16429
11265
23947
13194
21673
7977
12421
31369
28701
27314
9842
30823
7130
10945
695
23427
8970
15075
15230
26346
3035
23198
23553
23429
11232
76
23557
401
23476
20009
4260
26192
3552
23978
6736
8702
19710
21776
29717
14855
25887
31550
2078
29559
15467
15815
28027
10674
7943
23884
13090
32101
572
13317
23603
28604
725
19101
29056
15830
8904
12099
19532
4214
2585
17150
32339
21499
20220
28992
31499
19602
2362
1471
26154
15018
13525
5248
11112
9128
10223
10292
17286
4828
8168
10952
19087
26292
10695
15416
19294
32304
27099
27556
25696
23190
1698
1701
10651
2407
15081
29409
26607
27281
21301
17885
11676
9958
6754
3859
15365
27341
31114
2117
18100
14648
20264
8208
9117
27350
16765
4804
20647
11657
4147
1395
29288
6170
10561
22344
12336
9772
1294
7450
4426
12398
3545
31553
16254
13589
5720
20905
21210
1162
9119
28197
2739
9823
3652
14597
6118
2696
16065
4074
23651
23240
2329
17113
17389
105
27583
26511
6683
12848
13747
30484
419
7824
22510
27027
28887
1566
26112
17513
22384
23109
2552
20092
20875
13371
28548
24270
3057
14387
27225
31058
15771
14549
23509
11774
23158
12011
7139
28193
25443
22877
26912
19447
30594
6495
9276
22650
2736
24297
23202
4988
25934
14695
25691
8691
20805
24755
6447
16020
6214
19008
24846
6307
14167
7832
9135
5385
27531
8968
23415
9639
31760
27545
20380
10986
25967
26947
14730
5023
18960
10334
22918
12041
19453
21337
16017
25905
13287
19886
17807
18814
2414
31509
5032
15237
157
1785
4079
2594
24756
16424
8257
19656
18475
23758
11632
26389
29171
15012
12961
27306
24575
28517
23539
19257
3843
15746
30818
6367
6012
16662
17130
13493
24560
26908
18159
13218
17527
4320
25564
25459
22394
19891
13323
9773
8123
17635
23269
6049
30613
7658
32330
12610
29062
25830
28467
24628
26090
29001
17813
16805
3593
9426
29577
31072
20564
5820
5035
22175
8684
32565
30399
15137
8548
30481
13467
30845
20168
24512
17473
6070
1246
1917
24395
16143
6059
24009
13452
10785
15417
19480
11764
26666
7576
1738
19892
21672
17187
27228
26275
32295
11268
14560
13280
28503
17403
19370
5049
3681
5467
3405
27084
1659
23637
20422
27756
28603
24440
21238
24903
10536
12665
3926
3397
6423
16432
6374
23475
18357
21732
11878
160
2016
27080
18633
6791
8763
30917
16103
5935
13953
10106
20850
24528
18201
29826
13099
4215
8939
18933
24917
16043
8563
6449
24682
4945
25875
25562
12558
15309
6062
22047
4417
30314
21874
22079
24024
15868
14837
11596
10286
22724
17284
11568
21527
20115
184
30701
21013
2610
15433
19497
18895
10754
6951
31465
18622
17376
24775
27293
18730
8267
19899
19293
9557
12489
19590
24690
19190
17798
24750
792
17128
17983
3091
17026
24868
29278
7806
17695
12525
27751
9085
20252
29002
5266
25199
4650
13753
30394
9435
10881
32546
20341
14086
27940
24842
27781
22212
27495
1801
27759
1166
20399
11902
8553
27349
30586
26753
7033
20374
28319
14361
7644
17455
12246
24751
933
1905
20090
30915
22438
19958
28046
5342
9107
25780
10239
7880
14949
25043
20008
11514
509
22460
7323
28246
10
15987
20511
32278
11820
1830
15093
13315
22874
3590
16224
17639
4225
24149
21348
18244
26221
31936
29133
28742
2797
11248
7283
7415
32562
24412
21437
31666
27001
20577
10084
27098
19434
27028
17529
22987
8895
31831
9386
21777
11688
29866
17089
28377
26734
32580
30829
15012
30423
21987
26949
6979
1995
9696
7946
32255
29620
17670
15148
22040
6699
10404
24976
27761
17104
21217
16529
22409
1401
10832
23109
12205
32144
28612
29441
21356
19638
18022
18719
20556
12460
516
31230
17339
12404
12204
14411
18504
9395
3194
14207
17171
8026
24238
28841
9602
30341
25857
9326
30518
30372
20538
15950
15422
32728
31484
32041
2954
4768
21474
1281
27042
4020
11726
15873
15256
12081
27261
9406
26170
29431
13151
28606
28045
6223
13478
11831
10359
19666
3741
17432
23740
10886
28988
26445
22316
16201
5625
575
21530
9075
3040
8091
19471
25527
2534
17237
30912
16970
15227
21740
9790
4935
15198
32495
9325
14419
12469
10176
27831
32637
16989
26520
20481
26983
21631
8139
16606
6827
17508
5966
3587
31864
5770
16502
8444
20604
19191
3074
5405
15367
19405
27996
15034
3693
10783
29724
23195
18092
7427
7886
19882
7246
30440
19189
15599
3985
1322
26192
7614
17606
3556
17755
15919
12023
24582
17177
30159
19916
10663
3601
20117
687
2204
18070
14872
16687
2377
21068
9982
7842
1975
2280
2744
1295
9959
7735
13165
3403
21094
28002
30259
17505
32290
2416
3461
24631
6268
14092
15346
10095
25246
13193
1810
4236
8975
27939
7870
23638
26244
4232
17536
12159
17146
3991
18249
28550
20737
1383
26466
26332
20315
7051
13989
29766
9413
21652
18669
18818
13333
24536
18635
32045
13957
23154
17531
29668
4175
8586
18198
25770
21370
6615
4616
31881
25843
4193
2757
25980
30687
6284
12472
13453
21296
2898
12156
827
5494
3024
24911
14366
27384
13572
21956
17102
27140
21717
12472
20224
2435
22611
30086
13042
26064
19777
4735
7434
18379
7377
16532
17594
8745
25518
2902
8870
30990
2879
5409
29705
26589
2091
27539
3412
14671
25112
67
16409
17858
26809
6576
22568
3028
14855
20600
29688
14129
32206
27851
15432
2473
31340
14366
16133
23174
26325
5924
29039
8220
7643
32762
7544
14241
5805
8354
15980
24383
18077
18866
4311
5736
20518
29005
22948
22634
9005
25171
10370
25923
29319
27605
6540
3254
8892
9420
23080
12190
5642
6154
29999
27523
31149
27760
10831
9323
30814
23906
21678
24818
30234
6008
9424
11421
14628
19830
12731
29804
9293
6527
9561
4526
26227
32389
2077
30489
17224
7684
28649
13338
22868
30192
5680
17002
2366
15084
6488
20962
25159
8892
28002
1680
14359
13053
16332
23818
17852
26643
21174
10498
496
18532
4933
25115
2202
14276
28485
13051
15768
7983
11794
32418
3260
15550
20664
20474
27412
12244
15705
26543
32111
5528
14799
23616
2076
18857
31123
87
3061
7949
17117
854
13469
9578
28429
50
31749
20088
19018
28292
10037
1974
5737
10717
73
7260
13584
858
29113
29585
15643
4473
26334
32479
32574
12843
5554
27876
15852
29483
5592
29770
7288
21645
26844
19193
2427
6554
22459
7562
10357
7131
18854
6911
32439
21620
30723
26802
26496
4020
9141
4748
4966
32489
12189
19319
5879
7289
17504
4630
19617
5678
24939
3507
3535
12754
32565
14201
1877
24572
9924
9187
11534
28969
8819
116
4291
8462
11250
6569
8271
27693
15246
32044
3841
25511
23731
3146
28226
29521
11183
4775
14712
19977
24760
13616
22826
29771
3121
19794
24932
2303
26665
1129
3933
26773
25381
17276
19031
13908
18463
19239
11207
21487
10190
2008
21174
30554
26408
30271
1639
21211
5926
11263
27706
868
31175
22698
21712
14624
22615
21228
25712
20044
3825
1542
6825
16456
28995
21374
32057
16110
27793
15637
27182
17954
2812
27386
21835
30122
15365
25149
29869
6977
1613
32646
8367
8934
1694
2567
27402
24954
24623
29359
12609
28042
548
5025
11836
31338
26197
996
20274
27011
11600
21340
20429
1517
15265
17145
24969
7745
15441
19758
25182
28840
11436
4773
26270
7480
21831
32561
6688
4737
21570
15108
15518
10338
7371
15394
15708
23842
4067
3093
14858
26811
4709
5602
25836
6777
17476
4157
5688
13508
15636
22521
3264
15162
29132
20162
8656
26370
10186
4622
29786
13660
6423
7761
20304
17532
11757
12912
20306
29336
28534
1913
2953
29504
6103
12433
17875
20206
25453
14126
26144
222
1878
18310
17692
10015
28980
327
2574
30955
13357
16520
8191
30516
18231
29439
1568
2943
30866
19829
32614
2293
14997
30072
25975
17335
11694
29520
8905
12915
2981
52
6152
20021
22560
1213
28857
9343
31340
23450
11038
20379
9338
11398
22361
18736
11048
29559
20947
19220
13250
2072
31967
12897
23241
14714
15771
6347
14323
20998
16407
6192
25458
6071
18106
27761
24697
7302
2273
26497
4349
29477
25800
27579
5817
7151
26798
24697
17780
15904
30516
21730
2694
321
2823
17667
28057
6887
23998
13602
3757
25757
30214
5966
17759
3615
24828
12091
17770
16329
6874
26701
27758
16718
27350
20979
7408
30893
13895
13878
19106
21857
3850
32402
7141
31704
292
23300
17549
17703
25512
24420
32228
26364
12508
2805
16369
22484
10647
28219
8186
17262
18413
25356
30791
9087
17678
2794
15657
20647
13932
1936
9019
8100
1564
8651
31464
24262
19071
21131
25901
18338
16673
25146
17824
14603
28897
4684
5554
19774
14163
1304
32049
8285
17762
22502
21521
23327
20282
9033
29035
21957
29541
21935
27590
26448
7475
7222
11926
13553
26208
19905
2306
5569
15345
3148
6634
24242
19039
4220
15657
10949
29943
21370
24087
29566
23681
2818
21330
3478
14624
11191
10175
24047
2937
26042
29899
23245
26903
20346
12791
11586
26638
13006
7571
1770
28127
12353
8905
32729
26012
11436
24798
4306
8525
15627
14261
32185
27281
1161
32149
17483
1673
14557
16939
25357
12529
16601
17107
3202
21136
8512
29715
6817
30419
11225
17512
22150
17589
9409
31814
26728
32481
20997
24410
971
20251
10608
29458
9207
24796
4258
3679
27816
3900
25442
5818
775
10773
13366
3685
29401
5734
31536
22515
29687
19957
9994
21258
9214
569
17526
13928
2119
26230
12207
19236
27674
25898
1108
27958
28446
17576
16246
30010
22548
32515
18416
28529
32709
20781
20726
17417
26681
17760
19185
13470
21546
15549
22154
21248
29368
15412
28165
21815
29535
163
14545
27332
5669
7746
15709
30506
3096
12094
25901
21933
15351
21924
1836
2650
16176
5249
27716
1095
11018
17480
556
21788
31268
9843
12417
466
10782
23661
1049
20667
24982
17840
9364
14531
12886
2346
18483
22005
19403
19942
6638
1857
12730
26344
17856
6524
19246
30297
8006
9128
23989
19428
5768
30838
18635
607
28439
20745
5527
8366
27992
5373
11989
16868
28191
25512
21780
2220
7295
17055
8993
25064
14817
5500
14019
23191
11348
17119
20904
3324
18212
10931
1696
26877
430
20915
18185
23497
4210
26156
25738
6845
5226
516
23301
5513
21659
19963
30406
21390
13801
27185
11009
16523
25903
16361
11387
11385
26511
8332
9351
691
1287
22001
4148
31834
16709
2011
8133
20984
22205
6851
10849
12387
26616
27608
2572
29925
23343
3653
29654
29849
5144
28082
8274
21272
0
31245
22602
11349
10266
16522
14769
5574
15895
5608
18649
15045
22262
13815
8679
6197
18462
31831
24195
7016
23210
6786
980
10304
18692
28428
3243
19093
15029
25130
25598
5847
12923
27506
25497
32245
8860
9441
11024
6269
7035
3874
25336
11524
18537
27405
16470
30152
11965
19567
23640
27028
25383
18953
13379
3044
10561
28379
26029
2122
12647
20642
31468
7440
26825
28575
23502
6431
4030
17306
13963
28959
2652
6695
29943
12256
8005
10792
4604
17913
6339
147
25416
31919
31768
10869
11075
4120
19215
16439
1860
13440
983
13856
3588
2827
21265
5660
12883
18844
11304
1724
15881
6646
15329
17277
31040
29729
26931
27213
20928
30736
22616
16971
5819
2688
9252
24527
7355
14627
16790
18858
24024
10750
16813
943
27182
6671
25980
8818
15502
12084
14465
19535
18292
8520
9523
19374
20025
32399
14298
5766
24202
3924
931
28448
32281
7376
24052
542
24722
8014
25597
9659
14801
6029
32400
7764
82
5990
22578
3112
13289
15790
31090
26204
31923
10590
32633
10050
13900
10225
8419
3546
15170
8974
29901
6297
1226
4455
12335
7530
29362
28385
19821
8947
20375
32757
21032
24345
25944
25686
10074
32454
13770
15572
14242
6889
11182
26752
18396
32447
22496
7441
15861
9042
3793
24198
18941
1087
31286
6669
9598
12731
29442
26660
23821
17368
14226
14846
22558
4869
21032
30248
4893
22996
17307
18540
16314
9217
17997
10486
16260
11951
15708
24245
11449
7668
9245
260
25948
11160
4550
15498
19593
13082
9578
24414
13830
16116
28203
28783
12314
31520
9131
22052
8098
12507
17091
20543
25185
12201
25208
18695
27544
18329
21802
16806
3798
14538
27151
24016
27922
15406
25312
21157
14327
2446
29138
15577
16255
32463
21448
8722
32195
19571
23239
8593
5394
19299
31914
6165
29760
24555
14871
15100
5440
3590
29105
28332
2549
8924
29583
23601
19270
6025
26862
2599
32369
4384
25634
31963
9377
8687
11475
8621
26818
12293
7269
2489
32660
9458
7864
14262
19966
19150
11026
1309
18854
31357
18777
25230
18366
32560
30598
30577
11809
21295
854
25817
15006
6615
11330
12205
21651
31454
8626
5641
7358
17119
12654
21474
12113
27922
14933
6889
19524
31322
14161
16818
23023
14726
30346
28182
30168
25808
20698
16086
1994
14506
30082
14464
2855
26555
7707
31127
638
4132
16079
31214
18784
5639
1736
22869
14448
1866
17641
375
20410
27800
1212
7939
23366
11177
30636
13834
17900
24260
32373
21929
3689
17794
26328
12007
4787
13012
12691
4832
9610
7239
29840
7204
8784
11911
11613
1882
29466
2850
6108
32553
15623
5007
23868
24408
9937
25967
12071
13107
28065
27666
9021
29489
15400
11069
25282
17877
30699
10027
659
18386
30942
3537
5983
8050
24373
1383
23059
24376
31607
17443
28822
31685
31956
21832
11959
22776
22968
12127
25444
12889
9888
32708
1564
25272
20269
20325
22694
20241
25974
25799
20740
30899
31651
1866
24483
31393
15288
1965
26068
30265
12718
12756
28800
13075
31688
3017
2838
30252
21796
1538
16073
21572
11921
226
4601
900
18848
19329
7150
28772
2558
32688
204
6604
28928
24376
27075
30841
30592
5731
19847
30115
14824
1982
7424
13533
10892
1308
10306
13628
15933
6622
20415
3515
18202
19058
21947
18654
29098
27930
25601
9110
6184
32751
6613
13157
24606
8229
13865
14274
22070
1680
12820
6847
31820
11623
24447
25833
32199
841
24610
10352
32298
20349
2223
10120
13798
11134
1100
14862
20851
13751
19527
13935
18078
24971
18437
25030
5157
2200
10556
11076
8065
8509
22626
14037
9475
15961
1382
31488
28194
15446
12445
30223
16916
16231
16383
15985
17563
26381
29843
29276
14114
23264
21544
19127
20488
5260
23366
21814
7228
2842
2916
6599
7946
9073
10587
12077
9268
2588
16411
746
30789
23117
15261
22627
31522
13858
12313
17215
16610
13352
8568
8464
13535
17950
24332
22069
29453
31995
18303
20991
19339
20018
2313
7698
9336
15924
12774
32014
11784
5174
9480
23663
7383
31541
18185
7602
24189
13368
30563
31418
31842
15830
10723
2417
8404
5367
13403
8882
29270
29407
9368
12391
14651
11368
12947
9966
884
5774
8939
11714
15015
5169
11667
15191
24705
12567
15560
10309
25932
28209
6215
32169
19652
8991
20668
712
5414
6389
32637
19958
5259
16960
11896
23735
16500
13380
31851
30499
5030
17800
20819
25231
1592
30101
14118
10089
19434
506
10948
28260
19640
19603
31019
14549
2991
30475
31979
30813
28672
22432
20443
18889
9299
11046
17673
22326
93
10319
16119
9593
12469
22569
13828
20670
4323
22504
808
31854
27578
26598
17124
31319
5609
27624
25721
27911
5836
16547
14681
27000
21384
2687
6363
23539
28758
24986
27698
13358
23583
32528
13984
7352
14922
20346
28135
16790
7890
3764
14081
27183
20635
20708
23312
27237
1542
7351
2200
12037
20419
31470
13548
26977
9702
7962
12774
7739
19261
3491
19419
7141
31457
25359
974
7079
5132
8321
14820
4705
14378
8576
23576
29809
3891
7930
27952
28887
9783
25481
30704
26519
7227
5364
17037
8031
4419
14073
22117
32362
2992
19274
12268
19108
18380
13013
10986
13583
9636
13384
32484
13413
10518
19413
24535
29439
16426
10291
5933
21493
17318
30949
10473
21383
26076
29118
22821
18108
967
10149
9662
15944
3158
10902
2126
4275
29192
233
5210
20408
23225
26583
17869
11500
444
32058
5029
4512
41
13972
6893
28167
28536
18771
30187
924
6735
26707
5018
11966
12185
31397
9051
29597
11224
12175
26855
21082
27836
5075
3208
9834
8948
3124
15241
5436
5700
22839
11498
20507
28632
2087
24153
11605
32472
30043
7518
23709
11068
17340
12502
15022
2786
28033
13986
2097
19677
21053
2464
2017
28433
26140
17370
18413
29181
26217
12542
6813
32471
14164
17679
569
13278
20211
27481
5159
2796
20870
16810
5971
3658
17151
5055
25044
20425
29122
11005
14796
22030
32425
18018
15759
29742
9803
20154
5896
16251
12158
6934
32345
6045
8986
22906
20418
29924
12544
28630
14532
28892
26203
26935
16518
15650
6438
17215
12151
31863
11503
12243
6709
12819
5338
7955
5038
15163
14056
9615
19077
1814
5241
4791
5559
189
23568
19348
13438
24465
18519
15798
17781
20945
28771
32366
14589
13676
27960
27197
17120
21267
30864
22667
3893
20371
26840
14236
16004
18274
11900
9409
27946
18551
13924
21707
18942
7775
21951
24773
52
9358
8959
19171
30850
4851
24612
20405
13698
30927
23102
22432
20312
22982
25133
7311
21140
8503
17068
22502
1626
24521
22414
3256
24000
1862
10822
16953
6263
6317
14253
17014
22190
30850
17152
12611
9267
23913
23080
3957
16091
3315
28479
32338
7205
23224
11087
22342
29210
7590
24157
27608
18295
3992
12454
475
20238
19242
31016
24553
4714
23500
23908
32269
12210
5142
7779
11968
11983
7772
14071
21527
12753
31617
12099
30010
1167
25616
18813
18456
20366
16264
27635
857
29221
9720
27724
3220
18398
8140
8209
22211
23838
6119
22124
1268
22281
13298
7983
9537
4768
1779
791
6145
16172
21025
4435
30528
30688
18423
26176
4717
8378
1415
3959
21075
2730
13841
28937
6475
8950
5332
4105
29615
12765
16676
26187
11409
27771
6333
9068
6829
24044
3159
32530
14749
27572
8826
117
25420
31070
7316
24351
15789
28516
29257
24816
12461
10575
5898
22884
30822
3871
15849
11801
10133
24045
4011
1163
11854
25551
1823
32034
14574
13052
26543
8048
31570
4145
565
23475
15430
8275
15376
17826
13632
6485
3190
27750
6735
31324
25611
29670
24142
3873
12979
21319
1885
17047
32677
23731
10130
1231
18370
29274
19947
18456
5668
3255
903
22890
2809
30229
10518
6149
17554
24401
18575
20565
24247
12769
12065
15897
31806
17173
25451
31172
3804
19613
19439
21795
20794
20044
6596
27457
10059
15644
19340
26504
22750
9073
23718
18472
23151
5794
29861
8125
6211
9653
11008
6700
30644
9578
13066
18637
713
32124
1061
31184
29193
23331
21043
7897
2193
27869
27214
1774
30309
2926
18361
28563
13572
29733
29974
12595
4671
30818
3545
2754
23882
18005
29692
20641
27156
12040
3573
706
24276
3488
8421
3596
32740
13280
6930
15617
28115
32750
25239
7070
2486
32602
31834
21122
29630
17244
7999
15699
22544
19037
1947
16478
32208
8889
7916
8573
19583
10948
19399
26686
15240
4619
32273
2369
24597
32732
19314
24802
3367
776
12295
16664
14822
12007
18263
5789
8758
2461
4489
26960
21898
12188
6356
15319
10237
20586
2870
3720
14751
26789
7273
2442
2060
23876
17427
4663
15940
23583
11325
20421
14006
9650
25606
25382
25502
9245
10904
22060
4497
29552
26204
1521
14422
16166
7274
3190
19960
6383
31812
28042
20505
11443
21443
2798
30601
30163
32593
9142
18968
22962
10841
25330
32424
19316
29692
16782
26502
23813
19462
16247
22266
24925
7200
14335
12828
1027
4423
21891
9706
31184
6524
26699
12952
12022
27069
9393
295
5697
8245
3206
14137
32156
22192
1969
15652
3030
14673
28697
10821
19366
30087
5318
19351
26605
5437
30787
30851
32060
6737
20038
10746
9366
28232
31890
1986
7031
31296
8989
24589
11540
31525
28526
15696
16613
26152
16202
3666
12897
29037
22159
5252
22025
5380
11360
3216
20391
6171
4994
17716
7640
32370
16902
6225
32456
27151
31785
31295
4669
17714
26232
4964
23767
18571
17208
6149
4246
12715
7940
21083
16028
15801
12472
4842
22068
15462
28814
31502
5396
20258
10887
21975
19679
10385
4109
29462
8686
24632
3286
14520
10064
11901
25355
24147
31759
9422
21162
1791
19893
13856
20521
11623
25615
9115
3676
5664
6705
8595
24472
15417
26810
18619
12825
27667
25946
10133
11169
114
23441
2093
10338
30165
25273
15879
8478
18435
5446
4182
15501
19943
19789
5230
4095
1949
2627
3196
21314
4813
25608
7797
3014
14648
12067
30540
29439
19856
13904
11880
7179
19085
11576
32085
7317
26685
16511
8122
15609
7068
26371
28555
29608
13412
22627
4479
12239
3366
19647
17861
14131
410
27071
12531
7007
7988
215
12607
2562
17399
713
5105
31891
8078
19563
16152
2870
19097
12458
9084
26339
26693
25551
2773
16069
1567
11265
5690
5344
11818
31499
220
17911
24366
21856
31476
18605
24404
10844
12538
26602
7408
461
21272
31872
4510
8882
12510
27151
23440
5955
15671
25382
294
12849
3740
14506
4799
31022
12167
14460
7888
6320
21291
24406
11315
17650
16994
25078
11969
11324
5351
20863
10786
24165
2757
24348
30436
19862
6671
742
24011
19536
1234
2568
32104
11441
2888
20512
11757
25843
3662
10217
22336
23861
13848
14104
27982
19070
28964
18819
1698
15103
24428
24456
16694
14232
32224
31661
27017
7838
9747
29572
6129
7132
13877
18386
14387
25047
30017
18415
12113
2135
1911
1136
5027
13346
1805
21764
11049
27659
5410
30108
9248
16171
30451
32463
15315
8303
4945
15740
18356
6995
25683
11697
21675
17900
12616
7371
20654
5164
9455
14047
29330
28770
5099
857
21537
15616
1905
5347
29292
9121
24644
28809
2147
21834
9699
28698
30626
8176
22016
9169
13198
32059
18485
30516
25249
32394
31219
7485
10754
14903
22203
1976
22361
7708
20624
28140
23777
19286
23724
9853
21439
24392
10354
22673
30866
19939
6820
18482
22091
12581
29910
16884
4927
12768
10530
27095
5242
28093
14366
29038
27478
32384
11019
31041
16717
1678
32335
8561
13836
26284
4134
3482
25544
265
26516
24573
32213
11647
26526
28639
15733
17174
17081
16172
4334
23242
17027
29536
16607
12174
14257
21927
32723
16272
9800
7747
6167
4799
529
3887
11209
19083
3910
8706
15154
24299
15250
19733
25942
11429
825
9192
5832
14538
13970
22210
6851
19839
13246
21912
17015
21507
26772
6704
5793
4078
12507
23943
18270
8119
25788
15471
20033
26233
11126
3964
30371
17143
26196
31265
16442
14301
18397
29975
20462
26953
27466
22526
25319
5001
61
9799
30699
24359
24239
9041
8935
13858
5930
29138
16075
32383
21305
17017
29083
24064
6686
21970
14019
27444
19906
21865
25516
28592
29682
18482
23180
8091
8135
9768
24450
27248
3942
20277
17378
18687
20970
26962
23502
11445
2463
27119
29190
29726
7793
20117
11776
2216
29860
18634
8252
2474
31685
24885
26834
10404
10720
22018
11341
6857
14067
14472
19131
17338
11427
3625
3333
32149
7726
30842
15485
8750
7329
10404
22710
14748
15179
8715
24472
29176
14449
4141
23475
17505
7747
13260
11476
27459
28687
11087
16086
3545
14261
6758
8891
17649
1883
29933
15868
23792
17249
28947
1052
30997
18583
25787
28291
31746
17070
4642
9866
22904
18157
10178
5587
13666
1829
30583
20699
29717
12519
10465
4050
8150
19700
27401
10666
18332
13045
26951
17774
15128
25965
1891
13781
18419
27115
10490
13079
23639
29060
2083
26367
12976
25984
24403
32577
27316
11348
27262
14863
13217
15057
895
8423
27589
17818
23994
26031
22852
9947
9472
5635
24598
19512
947
6350
22863
16644
21546
10775
28579
10420
342
18718
9513
15763
23206
19624
26207
10167
24361
4503
20079
16435
17395
30653
176
5262
14785
8434
15216
15988
13792
9828
2033
25516
16970
14383
11185
29258
6419
23342
16110
27942
3843
14608
3178
23692
4485
13998
7788
14133
15295
17563
7431
22390
18179
7677
24990
20664
23142
27036
25512
14632
32174
28985
25265
15280
13170
25377
29089
1573
32380
20994
18241
26562
22130
26364
30715
13269
20406
31227
31970
15544
31370
1093
11250
31491
15736
8527
1432
13568
12017
4565
31605
14943
12852
29993
5215
2091
23409
11468
4520
26877
24366
7739
31139
25968
4331
18187
11109
6356
13569
22328
24521
15911
10704
17851
15287
2369
11289
4954
22437
8270
15017
12228
24669
18817
23864
13533
13569
8455
21136
27735
9805
27450
27122
21378
15133
22296
2997
4453
7727
17651
13616
4877
6441
25961
27610
16933
16606
17559
27568
2503
14029
5514
5335
7570
9194
20982
23683
14077
20642
555
17687
15594
32281
16708
8590
2431
25782
20898
10265
16945
31713
21913
6153
30241
28427
104
30448
30380
25583
21359
10499
7741
30232
15260
26819
31078
2980
8999
25053
1584
26439
19327
29518
32175
7059
900
23754
23513
17270
3574
23391
6552
9220
19501
31062
19741
7030
267
5466
9336
371
16432
25820
28261
23695
23916
30133
9577
4370
28794
29453
12574
27898
16619
12668
20939
13635
11872
18032
27192
6245
26876
11983
7105
10783
3609
18653
26792
19571
32058
9567
20656
10738
31041
29697
7143
9529
27107
3829
18371
25020
20824
27101
19056
18882
19031
26603
8297
13745
8769
23878
22598
6284
25501
16304
4308
21946
25796
19047
7531
9225
11997
6472
17532
8690
20748
32570
19562
32543
29671
7114
19099
24362
16682
29715
26830
22952
29611
4833
5295
15206
9104
29718
19880
27890
8895
16204
1275
8797
32150
5563
17422
14400
29661
30557
3333
25085
32248
849
10646
3399
12897
6014
23577
7909
8022
4984
9951
27826
27855
17063
7621
6377
23219
12710
30217
12959
28491
29417
18524
16273
27127
5795
14648
4896
20000
23014
31603
5786
6765
20748
24853
26299
58
4439
28263
27252
12102
7636
9036
18154
2475
7045
28372
21698
21524
4286
271
31388
13866
13264
28447
4317
8015
3301
23953
12978
25487
28459
9454
8274
9427
3381
9356
5763
23640
11422
14250
16223
6240
15599
188
8280
16936
21954
32516
10618
25
24616
8802
18928
2114
28489
20845
11722
30470
3146
5570
2301
32274
31092
25245
5035
32659
12434
10662
7077
27045
8346
12813
20271
26126
28304
26072
9475
12844
15784
2428
1432
13100
17067
4523
6563
6781
9883
2926
25055
11908
31898
19059
31753
2962
20232
20904
14639
28947
2028
10761
26923
28424
14485
7093
32619
1975
1153
32072
29939
6560
13181
3429
2980
9652
12046
2706
22206
17858
28432
32073
11428
26418
6557
26699
26079
7669
23088
21304
3430
9148
13322
25437
26140
22376
21461
30413
27035
20674
9352
30131
9264
23661
11146
19942
4646
29721
28698
19646
25160
1784
29166
19239
16801
9846
29466
24563
5254
27429
6452
3189
16599
9718
10678
5963
28033
12719
26019
2427
23367
30873
18542
450
15043
633
11799
21032
9127
7874
9367
7128
4425
32521
27774
23855
2143
21945
27867
9747
18950
19720
7772
26246
14346
27178
12726
2938
20065
12484
30023
24039
22008
6819
15866
22556
13491
14254
22380
25939
32431
2585
16205
16263
11466
29404
12296
24458
7269
16996
16038
13138
15464
16776
4079
3731
2951
18110
26835
2452
19396
11151
7689
16955
3893
13896
9974
13161
520
19443
22480
5774
5572
32389
1795
884
29137
19289
8660
16991
19771
7645
29764
1112
5555
27276
10295
30150
2007
30236
16341
24382
7347
7416
3889
18588
28807
12016
31016
21075
1738
13103
29581
14593
3952
10350
5763
14151
4457
5480
15145
14807
7786
32142
28029
6606
29679
3579
13690
20805
11649
5802
31620
24098
27700
9191
3078
18228
6005
19459
32346
30592
6914
1356
745
25557
17978
6204
23699
11943
12439
497
2385
15898
18297
23261
24088
30812
26917
5567
6657
6712
12557
10962
13480
23528
22866
836
27601
22571
21895
14569
21586
27032
2744
32305
29229
29234
18602
16984
7164
16700
26725
26076
11666
2895
13296
4916
19935
10409
31580
4031
19476
3528
31491
6395
22536
12856
30482
8695
6618
22953
12357
1291
27865
29508
5618
32198
16800
831
22857
32552
27525
19119
17882
14865
23861
8606
856
26618
6296
14174
9372
11747
22011
11548
10220
11148
9837
16056
19582
2792
5481
28117
24888
9167
3510
25388
28858
2035
1420
31269
28318
2837
13816
10920
18942
7033
24961
17712
2359
32407
28172
13602
21229
17939
22013
15710
2128
4335
13471
25363
21661
27904
29126
31447
21991
27806
20659
3063
17175
17568
26167
32267
13106
1672
14876
17614
27098
19194
6080
32301
19736
24691
20995
13982
26712
21047
32355
18355
8373
23435
27494
1263
32375
6949
22073
10968
12250
6881
9110
17485
10514
32693
8170
31258
1419
30183
2744
202
3701
11645
28984
6333
2688
31478
7237
21626
15076
28727
5494
6469
10661
456
1930
3573
11541
3136
32265
27648
17562
19966
18472
26328
12977
10522
749
7546
30771
16795
3733
19011
5336
19435
29491
9478
12537
8072
30873
11101
5274
25083
30075
17212
4007
24078
6610
27596
14206
23354
14463
28790
7598
2399
21553
21053
25598
21688
29576
23378
20914
13837
123
4322
19977
21290
14071
30515
25610
913
26312
23535
13184
3436
3261
6848
29508
11973
1799
4124
26810
18169
26851
11875
30878
13418
12665
26919
13569
14965
27139
27338
3214
932
28465
18511
32530
5156
27084
10090
31548
16505
15003
2777
18849
31856
23939
14583
10498
5717
2033
28815
32722
12903
1661
24558
18163
6793
7623
4668
4545
13882
29349
18188
22353
16071
15745
26673
24826
959
19708
4563
533
21416
7127
24771
32002
23792
32276
31500
14700
6951
10584
1739
12237
9323
7316
832
11828
27427
10980
14372
23110
18416
11704
12093
5250
24544
8753
27697
8394
15077
13774
22168
14367
7814
1607
2644
26541
213
6329
549
24839
10145
19460
20600
8115
18412
19057
23168
2025
14751
16025
18824
25240
4989
20354
9864
23210
17238
10250
21494
24457
30333
3465
23006
4322
26236
18866
14389
6057
24069
27578
13163
4189
2604
9405
20287
27277
27604
17245
27607
24987
32103
4780
14608
29376
24779
8268
29715
29776
10641
11732
9001
12863
5999
20854
17360
13285
21744
2527
7950
3838
3690
18783
14341
27637
30001
15434
2248
8034
778
20126
365
31953
4578
13541
32099
18117
7104
31837
8966
24572
14073
26199
24945
8693
8867
4829
147
31920
30539
16023
30598
17333
20459
6128
32027
19543
32534
28532
1722
16698
9334
18300
10601
20243
13944
1806
4394
3759
21574
21503
650
20535
29686
22618
6775
11186
16640
30470
16466
31435
16118
13218
32325
8148
1135
20916
13271
15884
8773
28419
22205
18205
2816
7489
13811
489
3729
16109
29452
28294
15940
11128
9671
11143
19696
24231
24034
16510
16240
14136
30515
29119
343
2248
29684
358
12768
1268
20831
411
15652
16319
2683
7188
5520
21299
15669
29404
8597
26188
9650
32339
12705
6929
25572
3191
4687
10244
16219
17761
3803
8380
23902
22802
30680
12753
7483
14960
549
21496
3803
2956
4637
14959
14233
7974
18190
156
6484
13171
23276
23281
12227
18974
10823
20242
22537
16780
30843
14138
22154
4964
17447
5339
28412
23631
16352
30340
17089
4348
17190
29960
26996
1128
18326
3037
30658
9052
18018
20674
26747
2359
2559
20132
7144
20973
18461
1987
24928
19792
6108
25361
16150
30606
6205
2266
27701
23291
23254
29354
12591
16145
26315
12908
8785
18613
26617
13519
26780
28604
24180
750
3280
28078
25140
18223
30921
2506
20235
6507
8974
26186
27866
22096
6312
13032
26629
1540
22832
26784
11812
5643
14636
29368
764
27243
16028
26878
25005
2574
11215
16209
32300
27239
11387
3682
31476
7769
22797
22972
9977
27732
1086
30466
22494
4033
1767
31352
13415
10656
32278
19653
817
9327
12129
19960
20897
3918
1914
10696
1818
13410
26372
16672
14451
28279
12709
19675
20392
489
21341
7628
23503
31940
12310
7681
7502
25130
12668
30536
8780
9461
26382
755
1893
13726
27765
26329
12450
10078
2581
925
3752
12434
17379
6195
17455
2660
19062
16031
16310
29608
608
9728
7541
23300
5566
11726
26004
29780
17422
18016
31386
15692
25665
15025
19496
13663
19729
18275
8679
19680
6037
8964
4799
20328
28691
23441
31818
19831
26901
11576
3720
18782
1215
13922
16340
11100
26719
11505
15638
16647
28230
30918
10811
19437
2519
22407
18146
25468
12765
28063
19288
11807
17698
26758
4551
13738
7485
5698
24490
23288
17323
5678
25476
11474
32033
1786
15058
9747
7969
22003
5182
5898
25548
4996
16917
15904
12279
28925
20731
21435
32640
19348
30430
3426
27618
26794
28200
23585
264
18255
4409
27183
21599
11015
18964
7118
4655
17358
10840
6003
29995
5979
16243
6439
23623
4002
30482
5421
29385
21148
10203
28133
7843
18250
4703
16624
10496
27640
28234
3989
21789
25023
22493
18019
22874
20813
12703
26648
28305
3305
20047
24514
27046
5041
30492
15908
4959
23078
8729
26203
12918
31723
27883
28098
31725
15050
12228
13074
23970
28408
15510
28878
22307
19610
7808
20190
21699
8839
28045
14201
16622
30288
2717
29513
16313
8574
22435
20682
18621
21530
16401
23284
4902
8307
9617
25369
2055
29723
1270
25104
12017
8755
26482
29843
18627
25320
29705
30438
3267
27710
13637
953
15342
2061
26412
23120
32397
19272
24943
28641
16393
21125
29156
12350
32000
10170
15158
12723
14232
13637
27612
24626
1556
27184
24903
25517
28581
29618
2912
17860
2946
12281
9265
6816
5690
15910
4066
12575
29001
20378
30952
3633
16618
7792
31865
14210
7213
11594
31555
4441
841
13393
25181
21440
4147
24439
126
23269
5488
16896
15213
22208
7975
9024
14776
7670
2682
2214
21673
10237
10006
8441
26230
29313
5897
29922
18616
22023
24789
171
5918
3537
26562
6982
2659
30465
15992
20113
32637
19201
1996
1240
32536
22817
23003
12187
22850
898
22357
19346
10600
820
29468
26095
22145
14235
4622
1763
25481
1303
32542
9571
9265
1763
26026
2092
10709
6206
17929
14341
31918
30921
6243
26436
30025
4145
4549
29331
18999
5389
16244
24308
9735
6922
27778
30979
22897
19525
1440
31099
32212
20984
28467
21244
7139
12377
426
3340
10906
6591
8206
20571
31352
32007
7386
2123
24808
21302
24846
15791
14336
28767
2431
3795
1645
23496
28273
26814
25518
29512
18791
26035
27777
24051
27962
29950
23451
4602
17513
12269
6812
29132
2480
28
24386
17537
28380
31477
10461
3449
9693
5752
12803
1856
29
6968
10884
17845
6160
30630
19872
17260
14605
22674
10360
24144
31068
10991
9411
1933
14992
27351
11202
10925
1046
25551
30070
4096
27663
17995
22544
15938
603
13941
11177
8056
29174
14378
5683
27931
19592
7237
21424
10104
13367
21281
20130
7255
22464
18521
7362
16603
29894
11218
13300
25257
21610
19452
27515
29772
30235
25940
7529
30937
23727
2862
31834
21198
12723
3505
29026
31296
13056
291
5700
24118
7823
19047
8165
30032
4239
21699
19712
16812
1972
21735
11546
19465
977
15659
21433
23085
29353
18201
19409
25733
24323
13867
24447
3852
5628
14293
2041
10605
13985
1222
6598
31340
24509
10092
298
23170
28656
2998
8933
25031
3073
15389
13597
11542
24437
28645
9368
32363
19297
20128
23086
15503
30588
3317
29822
5624
31096
18079
18913
19178
1683
14776
18076
25315
25449
18232
31578
20790
1548
23737
28633
19702
7766
11133
3555
24597
30846
20657
14464
29133
28138
21235
25450
20543
22596
6419
16065
32091
15056
15894
19200
17151
5629
26241
26928
21091
6458
31444
15195
29364
9994
27476
26948
767
24411
24845
7509
21329
9236
24
19929
6429
19437
7962
9835
733
30595
6157
9646
12028
15532
5699
17215
2548
7175
1447
12776
22452
29912
1863
4631
27716
27411
3855
10382
22443
29623
3799
27995
2321
31581
21153
1803
11553
23313
29211
1563
19377
3936
31596
29871
26789
26034
15148
3718
11280
5083
17844
13614
21917
28140
9625
29812
32558
11855
21363
11039
29378
1043
23267
11230
6044
23428
20692
27262
15010
5375
32512
2400
13827
7684
26806
23339
15388
8333
3291
11454
18845
15518
2352
27497
743
30
722
31580
185
4325
30727
21087
20492
15638
24375
10948
10555
26031
14137
25242
8807
30558
27857
23332
24858
26007
14710
27786
3882
23523
24408
16845
5857
6523
26273
12544
27226
11029
16379
25526
23086
30462
28755
25527
16209
20329
10717
24567
31798
32519
30297
15816
6458
983
22164
19022
63
27712
31537
8243
7063
2653
31401
5533
23589
29080
10385
18013
27326
29306
29212
3690
2261
2241
25568
2189
25688
28595
15581
25949
25301
20659
12987
11886
10209
16402
19283
18886
23226
31783
28529
20880
28459
8866
6872
5141
30128
20509
19847
20455
14043
24052
8763
95
7670
12887
11829
20042
14058
22173
3645
30944
17248
18395
17639
19190
11045
13750
19989
28788
19411
9077
3005
16392
27566
8027
28653
19740
21452
1075
2060
22022
21881
31020
19810
25215
16089
9191
24283
9815
719
16591
2055
31847
6174
5545
14694
3526
21454
29291
21987
31040
17106
13394
31134
3843
18151
32559
7662
29852
31423
8450
16039
17698
8543
21449
25752
433
9414
20890
14680
26138
26575
28400
2115
30169
28504
12099
20671
21832
9892
2011
19908
17170
17150
17637
5787
17897
2719
17607
15589
25212
722
32177
3040
28067
18774
372
19686
20189
7428
29592
13622
18173
22961
9640
24823
3872
27478
19921
32634
25570
31855
2988
5312
20690
25504
12119
29756
20515
5278
30410
22745
4772
6221
13672
15935
1010
20518
6613
24402
24299
2268
1544
32252
26215
8255
11681
22573
5667
16992
28284
28192
24574
502
6022
32223
18792
20480
4559
22537
32023
5804
8161
29139
9467
31608
10065
22605
8309
3223
14483
26855
27332
23958
18706
29491
17856
22335
21376
10220
31946
16062
21099
31032
21507
14338
18706
20522
30652
18278
20086
15243
46
5777
20148
31706
23915
154
30353
4241
16277
10608
32087
10922
20302
9338
16608
10338
19055
28282
26608
32317
22781
16055
32456
12618
11865
29531
16887
18088
19126
7450
2932
19529
28880
28180
5610
24310
9180
4093
2643
20883
16826
9595
3016
22949
3442
31439
13719
25873
15838
10680
16279
32038
25764
13460
15544
23262
16744
23753
10206
4193
21823
14435
13040
27595
19046
19199
3115
30511
1076
9703
3517
14812
27469
21374
2959
7903
18969
4575
13154
9417
19828
8385
13085
15026
32167
9886
6501
28285
17303
28948
9327
20574
20029
5259
29458
12186
27734
12056
19489
5262
11868
21153
28663
7155
25780
23106
10323
5984
20009
12016
2663
5904
2713
16220
7979
16614
9710
12058
26103
6318
20304
259
25937
7590
4250
16600
15876
24893
6666
28712
29810
31514
30268
14963
25642
32352
14937
13455
4541
21553
1676
11083
20174
8049
27317
17747
25705
3532
866
31827
14230
14842
25339
12639
7213
833
6972
24723
18923
32316
31464
14326
10182
25308
21436
5540
24958
7084
23714
12589
31605
23129
1064
29752
22720
21873
18224
18028
26494
4971
24553
20624
26472
26344
24830
31472
32426
56
4365
11011
4338
14368
6746
1100
3270
30682
25285
12414
8986
25182
8185
29411
7458
8928
31719
2814
17509
1178
23923
10864
4371
14283
10604
536
4760
26624
4034
10878
18033
1938
14579
27506
20798
29808
26567
9968
19993
23070
25405
27463
10279
29950
15557
28794
12908
6863
18095
1255
29156
11379
20196
11558
19919
21749
29140
31540
6732
14794
6575
24785
12585
87
32216
294
3322
19636
13975
17835
6760
7600
14606
14920
13260
10773
20334
29883
31485
9005
24938
2873
1381
132
8428
24152
3675
14576
28423
14892
9133
3279
3374
4784
123
17808
28323
24424
2636
3701
15921
23109
9307
19094
27678
9673
19762
3114
22620
7787
14970
4354
27903
23357
26386
26710
15604
8652
18270
9668
31471
20808
6114
17814
23717
2277
31247
9796
15932
3456
21340
15161
6655
12934
8857
23770
10327
18962
16256
22981
15350
24661
14478
11606
11862
17979
17169
32624
28770
12107
29057
20858
4979
26320
9235
31911
24189
24630
26508
25979
17291
9910
13907
2187
18792
28726
20427
17540
15775
22378
6623
1390
17062
320
16607
13618
3671
12667
2442
5466
27807
4765
2412
26137
23162
13579
14698
32395
19743
2412
5787
14909
31095
23122
17753
24560
12244
2332
27288
26010
8160
4635
12151
13742
6356
7155
8981
22941
6634
5700
28326
11677
18196
11146
4038
425
5614
2626
3340
19401
18161
18767
22755
20371
32490
27547
22165
24306
5291
18177
13737
6182
26369
21099
5999
17676
20198
7991
13017
16288
503
480
27276
32704
31016
11738
2359
13875
12214
18621
6180
6377
20061
14502
1037
17540
5836
12762
1072
22296
9046
18349
30629
10287
20202
1187
11504
16913
22853
19924
18387
66
7014
5525
14694
30539
24642
8532
32361
2493
13754
26308
6104
20084
18890
17467
29120
11289
10243
6232
11346
19946
27451
31976
31541
21950
14211
10506
3873
28483
4185
16018
15786
10379
24351
1708
23385
13255
15820
25026
31745
30290
23010
28319
3408
2289
928
11476
32677
3417
15736
7770
28961
31985
24515
11386
3841
21722
9396
21482
8491
17197
12426
23609
29702
14723
27146
7788
5263
2235
14125
7914
4778
27127
29206
32405
15797
6376
10822
1850
3939
25420
1555
22315
14536
20916
22614
28714
1456
19851
15973
11657
2613
26708
23105
26000
20113
10291
32016
14879
27952
32175
21965
23700
22282
18102
30782
18671
12847
737
20518
15413
1699
7418
21693
27154
11629
28092
4189
13761
13803
23513
20606
29233
13672
15682
4580
28000
13552
23970
32023
19211
12643
20011
1812
29322
25033
25238
2626
5110
